Image Number, 133, 134
319.9805	479.9707	1	
319.9805	479.9707	1	
319.9805	479.9707	1	
319.9805	479.9707	1	
319.9805	479.9707	1	
319.9805	479.9707	1	
319.9805	479.9707	1	
319.9805	479.9707	1	
319.9805	479.9707	1	
319.9805	479.9707	1	
319.9805	479.9707	1	
319.9805	479.9707	1	
319.9805	479.9707	1	
319.9805	479.9707	1	
319.9805	479.9707	1	
319.9805	479.9707	1	
319.9805	479.9707	1	
319.9805	479.9707	1	
0.0586	118.9746	254	
0.1758	119.0332	254	
0.3320	118.9453	254	
0.4688	118.9453	254	
0.6055	119.0918	254	
0.7617	119.1504	254	
1.0938	116.5137	214	
1.2500	116.6016	245	
1.3867	116.6602	221	
1.5234	116.7188	201	
1.6602	116.8359	190	
319.9805	479.9707	1	
319.9805	479.9707	1	
2.6367	109.9512	24	
2.2461	116.8945	229	
2.3828	116.8945	233	
2.5391	116.8945	223	
2.6563	116.9531	216	
2.8125	116.9824	180	
2.7930	119.0332	254	
2.8906	119.4727	254	
3.0469	119.4727	254	
3.1836	119.4727	254	
3.3398	119.5313	254	
3.4766	119.6484	254	
3.6328	119.6484	254	
3.7500	119.8242	254	
3.9063	119.8242	254	
4.2383	117.0996	124	
4.3945	116.9824	125	
4.5508	116.9531	122	
4.7070	116.8945	109	
4.6289	119.8828	254	
4.7656	119.9414	254	
4.9219	119.8242	254	
5.0586	119.8828	253	
5.2148	119.8828	254	
5.3516	119.8242	252	
5.5078	119.8828	254	
5.6445	119.8828	254	
5.8008	119.9414	254	
5.9375	119.7656	254	
6.0938	119.7656	254	
6.2305	119.8242	254	
319.9805	479.9707	1	
319.9805	479.9707	1	
319.9805	479.9707	1	
319.9805	479.9707	1	
319.9805	479.9707	1	
319.9805	479.9707	1	
319.9805	479.9707	1	
319.9805	479.9707	1	
8.5547	104.5898	27	
8.7305	104.4434	34	
8.8477	104.5898	33	
8.9648	104.8242	27	
319.9805	479.9707	1	
319.9805	479.9707	1	
319.9805	479.9707	1	
319.9805	479.9707	1	
319.9805	479.9707	1	
319.9805	479.9707	1	
319.9805	479.9707	1	
319.9805	479.9707	1	
10.1758	105.9082	24	
10.3125	105.9668	26	
10.4688	105.7031	29	
10.6055	105.9668	34	
10.7422	105.9668	32	
10.8789	105.7910	26	
11.0156	105.8496	26	
11.1719	105.7910	24	
11.3086	105.7910	25	
11.4453	105.9668	23	
11.6016	105.7910	26	
11.7383	105.7617	29	
11.8750	105.7910	34	
12.0117	105.7617	43	
12.1484	105.7617	49	
12.3047	105.9082	58	
12.4414	105.9082	55	
11.8164	119.0918	251	
11.9531	119.1504	242	
12.8906	105.7031	26	
13.0273	105.6445	22	
319.9805	479.9707	1	
319.9805	479.9707	1	
319.9805	479.9707	1	
319.9805	479.9707	1	
319.9805	479.9707	1	
13.3008	115.7813	45	
13.4375	115.7227	49	
13.5938	115.7227	50	
13.7305	115.7227	54	
13.9063	115.5469	50	
14.0430	115.5176	44	
14.1992	115.5469	47	
14.3359	115.6641	50	
14.4727	115.4590	66	
14.6484	115.2832	70	
14.7656	115.5176	50	
14.9023	115.6055	45	
15.0391	115.7227	49	
15.1758	115.8984	55	
15.3320	115.9570	51	
319.9805	479.9707	1	
319.9805	479.9707	1	
319.9805	479.9707	1	
319.9805	479.9707	1	
319.9805	479.9707	1	
16.0352	119.0332	227	
319.9805	479.9707	1	
16.3477	118.7402	229	
16.5039	118.6523	196	
319.9805	479.9707	1	
319.9805	479.9707	1	
319.9805	479.9707	1	
319.9805	479.9707	1	
319.9805	479.9707	1	
319.9805	479.9707	1	
319.9805	479.9707	1	
319.9805	479.9707	1	
319.9805	479.9707	1	
319.9805	479.9707	1	
319.9805	479.9707	1	
319.9805	479.9707	1	
319.9805	479.9707	1	
319.9805	479.9707	1	
319.9805	479.9707	1	
319.9805	479.9707	1	
319.9805	479.9707	1	
319.9805	479.9707	1	
319.9805	479.9707	1	
319.9805	479.9707	1	
319.9805	479.9707	1	
20.1758	107.7832	22	
20.2930	107.8418	22	
20.4297	107.9004	23	
20.5664	108.0176	24	
20.7227	108.0176	23	
20.8594	108.1055	23	
20.9961	108.0176	25	
21.1523	108.0762	27	
21.2891	108.1641	28	
21.4258	108.1641	30	
21.5625	107.9590	28	
21.6992	108.3105	31	
21.8555	108.0176	30	
21.9922	108.3105	33	
22.1484	108.2227	31	
22.2852	108.2227	30	
22.4219	108.1641	28	
22.5586	108.0176	27	
22.7148	108.0762	25	
22.8516	107.8418	24	
319.9805	479.9707	1	
319.9805	479.9707	1	
22.9883	116.1621	57	
23.1250	116.1035	94	
23.2813	116.0449	137	
23.4180	116.0449	197	
23.5742	116.1035	202	
23.7109	116.1035	196	
23.8477	116.0449	187	
24.0039	116.0449	195	
24.1406	116.0449	216	
24.2969	115.8105	219	
24.4336	115.8105	231	
24.5898	115.7520	245	
24.7461	115.7227	254	
24.8828	115.7520	254	
25.0195	115.8105	254	
25.1758	115.7520	254	
25.3125	115.7520	254	
25.4688	115.7227	254	
25.6055	115.7227	254	
25.7617	115.7227	254	
25.8984	115.7520	254	
26.0352	115.8691	223	
26.1719	115.8691	203	
26.3086	115.9277	153	
26.6211	110.5078	33	
26.7578	110.6250	34	
26.7383	116.4844	87	
27.0508	110.6543	34	
27.1875	110.7715	31	
27.3242	110.7715	30	
27.4805	110.9766	26	
27.4609	116.7480	53	
319.9805	479.9707	1	
319.9805	479.9707	1	
319.9805	479.9707	1	
319.9805	479.9707	1	
319.9805	479.9707	1	
319.9805	479.9707	1	
319.9805	479.9707	1	
319.9805	479.9707	1	
319.9805	479.9707	1	
319.9805	479.9707	1	
319.9805	479.9707	1	
319.9805	479.9707	1	
319.9805	479.9707	1	
319.9805	479.9707	1	
319.9805	479.9707	1	
319.9805	479.9707	1	
30.1172	108.5742	25	
30.2344	108.7500	24	
30.3711	109.0723	25	
30.5273	109.0723	28	
30.6641	109.1309	27	
319.9805	479.9707	1	
319.9805	479.9707	1	
319.9805	479.9707	1	
319.9805	479.9707	1	
319.9805	479.9707	1	
319.9805	479.9707	1	
319.9805	479.9707	1	
31.8164	109.4824	23	
31.9531	109.3359	24	
32.0703	109.7461	24	
319.9805	479.9707	1	
32.3828	109.3652	22	
319.9805	479.9707	1	
319.9805	479.9707	1	
319.9805	479.9707	1	
32.9492	109.1602	24	
33.0859	109.1602	24	
33.2227	109.5996	27	
33.3594	109.5996	27	
33.4961	109.6875	28	
33.6523	109.6875	28	
33.7891	109.5996	27	
33.9453	109.4824	27	
34.1016	109.3652	27	
34.1211	116.4844	112	
34.2773	116.4258	106	
34.4336	116.4258	144	
34.5703	116.3672	226	
34.7266	116.3672	236	
34.8633	116.3086	254	
35.0000	116.2500	254	
35.1563	116.1328	254	
35.2930	116.1328	254	
35.4492	116.1914	254	
35.5859	116.1914	254	
35.7227	116.3086	254	
35.8789	116.3672	254	
36.0156	116.4258	254	
36.1719	116.3672	254	
36.3086	116.3672	254	
36.4648	116.3672	254	
36.6016	116.3965	254	
36.7383	116.3965	254	
36.8750	116.4551	254	
37.0117	116.5137	254	
37.1680	116.4551	254	
37.3047	116.4551	254	
37.4609	116.4551	236	
37.6172	116.3965	217	
37.7539	116.3086	171	
37.9102	116.3086	137	
38.0469	116.3672	136	
38.1836	116.4551	108	
38.3203	116.5723	85	
38.4766	116.6309	65	
38.6133	116.8066	57	
38.7695	116.8066	60	
38.9063	116.8945	65	
319.9805	479.9707	1	
319.9805	479.9707	1	
39.3359	117.6855	91	
319.9805	479.9707	1	
319.9805	479.9707	1	
319.9805	479.9707	1	
319.9805	479.9707	1	
319.9805	479.9707	1	
319.9805	479.9707	1	
319.9805	479.9707	1	
319.9805	479.9707	1	
319.9805	479.9707	1	
319.9805	479.9707	1	
319.9805	479.9707	1	
319.9805	479.9707	1	
41.2305	110.8594	24	
41.3672	109.2188	23	
319.9805	479.9707	1	
319.9805	479.9707	1	
319.9805	479.9707	1	
319.9805	479.9707	1	
319.9805	479.9707	1	
319.9805	479.9707	1	
319.9805	479.9707	1	
319.9805	479.9707	1	
319.9805	479.9707	1	
319.9805	479.9707	1	
319.9805	479.9707	1	
319.9805	479.9707	1	
319.9805	479.9707	1	
319.9805	479.9707	1	
319.9805	479.9707	1	
319.9805	479.9707	1	
319.9805	479.9707	1	
319.9805	479.9707	1	
319.9805	479.9707	1	
319.9805	479.9707	1	
319.9805	479.9707	1	
319.9805	479.9707	1	
44.7070	116.5723	47	
44.8633	116.7188	54	
45.0000	116.7188	63	
45.1367	116.6895	78	
45.2930	116.6895	96	
45.4297	116.5723	113	
45.5859	116.5137	124	
45.7227	116.5137	146	
45.8594	116.4551	188	
46.0156	116.4551	193	
46.1523	116.4551	190	
46.3086	116.4551	212	
46.4453	116.5137	231	
46.5820	116.6309	214	
46.7383	116.4551	182	
46.8750	116.4551	173	
47.0313	116.4551	142	
47.1680	116.4551	123	
47.3047	116.5137	98	
47.4609	116.6309	86	
47.5977	116.6895	75	
47.7344	116.1914	62	
47.6563	100.7227	22	
47.7930	100.7227	23	
48.1445	113.7891	46	
48.2813	113.8477	43	
48.4766	116.8945	134	
48.6133	116.8945	135	
48.7695	116.8945	100	
48.9063	116.8945	104	
49.0430	116.8359	168	
49.1992	116.8359	199	
49.3359	116.8945	170	
49.4922	116.8945	124	
319.9805	479.9707	1	
319.9805	479.9707	1	
319.9805	479.9707	1	
319.9805	479.9707	1	
319.9805	479.9707	1	
319.9805	479.9707	1	
319.9805	479.9707	1	
319.9805	479.9707	1	
319.9805	479.9707	1	
319.9805	479.9707	1	
319.9805	479.9707	1	
319.9805	479.9707	1	
319.9805	479.9707	1	
319.9805	479.9707	1	
319.9805	479.9707	1	
319.9805	479.9707	1	
51.8555	112.2070	36	
319.9805	479.9707	1	
52.1289	112.4121	37	
319.9805	479.9707	1	
319.9805	479.9707	1	
319.9805	479.9707	1	
319.9805	479.9707	1	
319.9805	479.9707	1	
319.9805	479.9707	1	
319.9805	479.9707	1	
319.9805	479.9707	1	
319.9805	479.9707	1	
319.9805	479.9707	1	
319.9805	479.9707	1	
53.7109	107.0801	27	
319.9805	479.9707	1	
319.9805	479.9707	1	
319.9805	479.9707	1	
319.9805	479.9707	1	
319.9805	479.9707	1	
319.9805	479.9707	1	
319.9805	479.9707	1	
319.9805	479.9707	1	
319.9805	479.9707	1	
55.3906	116.0742	62	
55.5469	116.0742	74	
55.6836	116.0742	79	
55.8398	115.9570	77	
55.9766	115.8984	72	
56.1133	115.7813	71	
56.2695	115.8398	83	
56.4063	115.8398	85	
56.5625	115.8398	90	
56.6992	115.8984	112	
56.8359	115.8984	116	
56.9922	115.8984	119	
57.1289	115.8984	115	
57.2852	115.8984	88	
319.9805	479.9707	1	
319.9805	479.9707	1	
319.9805	479.9707	1	
319.9805	479.9707	1	
58.0078	116.1621	108	
58.1445	116.2793	104	
319.9805	479.9707	1	
58.4375	115.9570	92	
58.5742	115.9570	94	
319.9805	479.9707	1	
319.9805	479.9707	1	
319.9805	479.9707	1	
319.9805	479.9707	1	
319.9805	479.9707	1	
319.9805	479.9707	1	
319.9805	479.9707	1	
319.9805	479.9707	1	
319.9805	479.9707	1	
319.9805	479.9707	1	
319.9805	479.9707	1	
319.9805	479.9707	1	
319.9805	479.9707	1	
319.9805	479.9707	1	
319.9805	479.9707	1	
319.9805	479.9707	1	
60.8789	112.2656	36	
61.0352	112.4707	38	
61.1914	112.5293	40	
61.3281	112.5879	41	
61.4648	112.6465	41	
61.6211	112.6465	43	
61.5039	106.5527	44	
61.6406	106.4648	101	
61.7773	106.1719	175	
61.9141	106.1426	165	
62.0508	106.1426	102	
62.1875	106.1426	72	
62.3242	105.9668	53	
62.4609	105.8789	34	
62.5781	105.2344	23	
62.6953	104.8828	29	
62.8516	104.7656	25	
63.6523	119.5898	254	
63.7695	118.9746	254	
63.9063	118.7109	254	
64.0430	118.5938	254	
64.1797	118.3008	254	
319.9805	479.9707	1	
319.9805	479.9707	1	
319.9805	479.9707	1	
64.7461	118.3008	225	
64.8828	117.9199	215	
65.0391	118.0957	221	
65.1953	118.0957	212	
65.3320	118.2422	173	
65.4688	118.3008	176	
65.6250	118.3008	192	
65.7617	118.3008	200	
65.9180	118.2422	188	
66.0547	118.1543	191	
66.2109	118.0957	173	
66.3477	118.0957	153	
66.4844	118.0957	159	
66.4258	113.9355	72	
66.5430	113.7598	68	
66.6992	113.7012	63	
66.8359	113.6133	59	
66.9531	113.5547	58	
67.1094	113.4375	57	
66.8555	106.4063	42	
67.0313	106.4648	50	
67.1484	106.4063	53	
67.6758	113.2910	50	
67.7930	113.1738	51	
67.9492	113.1152	57	
68.0859	113.0566	55	
68.2227	113.0566	54	
68.3789	113.0566	52	
68.5156	113.1152	54	
68.6719	113.1738	52	
68.8281	113.2910	54	
68.9648	113.2910	56	
69.1211	113.3203	62	
69.2578	113.3203	68	
69.3945	113.4375	73	
68.9453	103.3301	30	
69.0820	103.3301	32	
69.8438	113.7012	86	
70.0000	113.8184	79	
69.6094	104.8828	24	
69.7461	105.0000	28	
69.8828	104.9414	25	
70.6250	114.7559	94	
70.7813	114.8438	115	
70.9180	114.7559	157	
71.0547	114.8438	231	
71.2305	115.1660	254	
71.3867	115.2832	254	
71.5234	115.4004	254	
71.3672	110.3906	122	
71.5039	110.3906	156	
71.6406	110.3320	189	
71.7969	110.2734	197	
71.9336	110.3906	211	
72.0703	110.4199	222	
72.2266	110.4785	237	
72.3633	110.5371	234	
72.5195	110.4785	226	
72.6563	110.4785	233	
72.7930	110.4785	227	
72.9492	110.5371	165	
73.1055	110.6543	143	
73.2422	110.6543	131	
73.3789	110.7129	99	
73.5352	110.7129	77	
73.8281	112.9980	179	
73.9648	112.9688	198	
74.1016	112.8516	189	
74.2383	112.7344	178	
74.3555	112.5879	202	
74.4922	112.5293	227	
74.6484	112.4707	237	
74.7852	112.4121	237	
74.9219	112.3535	226	
75.0781	112.2949	235	
75.1953	112.2070	254	
75.3320	112.2363	254	
75.4883	112.2656	254	
75.6250	112.1484	254	
75.7617	112.0313	248	
75.8984	111.9727	236	
76.0352	111.8262	254	
76.1719	111.7676	254	
76.3086	111.7090	254	
76.4453	111.5625	254	
76.5820	111.5625	254	
76.7188	111.5625	254	
76.8750	111.5625	254	
76.9922	111.3867	254	
77.1289	111.3867	254	
77.2852	111.2988	253	
77.4219	111.1816	253	
77.5391	110.9180	254	
77.6563	110.8594	254	
77.8125	110.8594	254	
77.9492	110.8008	247	
78.0859	110.7422	246	
78.2422	110.7422	244	
78.3594	110.6543	226	
78.4961	110.4199	228	
78.6328	110.4199	228	
78.7695	110.3906	213	
78.9063	110.2148	219	
79.0625	110.2148	223	
79.1797	110.0098	223	
79.3164	109.9512	232	
79.4531	109.9512	230	
79.5898	109.8633	221	
79.3945	105.6152	76	
79.5508	105.8789	82	
79.7266	106.2598	89	
79.8828	106.5820	91	
319.9805	479.9707	1	
319.9805	479.9707	1	
319.9805	479.9707	1	
319.9805	479.9707	1	
319.9805	479.9707	1	

